0.843437
-0.841756
0.792726
0.285975
-1.03187
2.22815
-2.69997
2.93333
-1.99735
1.09104
-0.199119
0.707804
-1.64726
2.76541
-3.65055
4.39387
-4.09592
3.4715
-2.07497
0.975888
-0.147505
0.242595
-0.470109
0.728363
-1.18723
1.59137
-1.8524
1.53411
-0.896953
0.443792
-0.222245
0.69599
-1.47055
2.28106
-2.86593
3.18948
-2.80767
2.2139
-1.26401
0.564024
-0.833411
0.544679
-0.0773434
-1.57599
2.78025
-4.29603
4.56142
-4.4678
2.91545
-1.54587
0.0148724
0.0494273
-0.132228
0.229665
-0.235024
0.182452
-0.0323218
-0.044941
0.056638
-0.0551047
