0.894201
-0.436626
-0.382764
2.60445
-4.24072
6.13963
-6.27866
5.97701
-3.82643
2.03518
-0.411786
1.10701
-2.19458
3.22252
-4.05447
4.44629
-4.22261
3.54382
-2.22669
1.08308
0.75865
-0.829617
0.995215
-0.331811
-0.0944153
0.901628
-1.11138
1.30838
-0.889917
0.539297
-0.0495129
0.296196
-0.674334
1.15324
-1.55203
1.83279
-1.78026
1.53777
-0.974809
0.498156
0.652525
-0.310791
-0.269398
1.86532
-3.04929
4.4092
-4.57231
4.39435
-2.85369
1.49272
-0.332395
1.13296
-2.45606
3.91216
-5.07327
5.81427
-5.5696
4.80457
-3.0159
1.50044
