25.000000
0.465831 0.500000 0.100000
0.469540 0.495000 0.100000
0.473133 0.490000 0.100000
0.476618 0.485000 0.100000
0.480000 0.480000 0.100000
0.483286 0.475000 0.100000
0.486481 0.470000 0.100000
0.489588 0.465000 0.100000
0.492614 0.460000 0.100000
0.495560 0.455000 0.100000
0.498431 0.450000 0.100000
0.501231 0.445000 0.100000
0.503961 0.440000 0.100000
0.506625 0.435000 0.100000
0.509225 0.430000 0.100000
0.511763 0.425000 0.100000
0.514243 0.420000 0.100000
0.516665 0.415000 0.100000
0.519032 0.410000 0.100000
0.521345 0.405000 0.100000
0.523607 0.400000 0.100000
0.525818 0.395000 0.100000
0.527980 0.390000 0.100000
0.530095 0.385000 0.100000
0.532164 0.380000 0.100000
0.534187 0.375000 0.100000
0.536167 0.370000 0.100000
0.538104 0.365000 0.100000
0.540000 0.360000 0.100000
0.541855 0.355000 0.100000
0.543670 0.350000 0.100000
0.545446 0.345000 0.100000
0.547184 0.340000 0.100000
0.548885 0.335000 0.100000
0.550549 0.330000 0.100000
0.552178 0.325000 0.100000
0.553772 0.320000 0.100000
0.555331 0.315000 0.100000
0.556856 0.310000 0.100000
0.558348 0.305000 0.100000
0.559808 0.300000 0.100000
0.561235 0.295000 0.100000
0.562631 0.290000 0.100000
0.563996 0.285000 0.100000
0.565330 0.280000 0.100000
0.566634 0.275000 0.100000
0.567909 0.270000 0.100000
0.569154 0.265000 0.100000
0.570370 0.260000 0.100000
0.571558 0.255000 0.100000
0.572718 0.250000 0.100000
0.573850 0.245000 0.100000
0.574955 0.240000 0.100000
0.576032 0.235000 0.100000
0.577083 0.230000 0.100000
0.578107 0.225000 0.100000
0.579106 0.220000 0.100000
0.580078 0.215000 0.100000
0.581025 0.210000 0.100000
0.581946 0.205000 0.100000
0.582843 0.200000 0.100000
0.583714 0.195000 0.100000
0.584561 0.190000 0.100000
0.585384 0.185000 0.100000
0.586182 0.180000 0.100000
0.586956 0.175000 0.100000
0.587706 0.170000 0.100000
0.588433 0.165000 0.100000
0.589137 0.160000 0.100000
0.589817 0.155000 0.100000
0.590474 0.150000 0.100000
0.591108 0.145000 0.100000
0.591719 0.140000 0.100000
0.592308 0.135000 0.100000
0.592874 0.130000 0.100000
0.593417 0.125000 0.100000
0.593939 0.120000 0.100000
0.594438 0.115000 0.100000
0.594915 0.110000 0.100000
0.595371 0.105000 0.100000
0.595804 0.100000 0.100000
0.596216 0.095000 0.100000
0.596606 0.090000 0.100000
0.596974 0.085000 0.100000
0.597321 0.080000 0.100000
0.597647 0.075000 0.100000
0.597951 0.070000 0.100000
0.598234 0.065000 0.100000
0.598496 0.060000 0.100000
0.598737 0.055000 0.100000
0.598957 0.050000 0.100000
0.599155 0.045000 0.100000
0.599333 0.040000 0.100000
0.599489 0.035000 0.100000
0.599625 0.030000 0.100000
0.599739 0.025000 0.100000
0.599833 0.020000 0.100000
0.599906 0.015000 0.100000
0.599958 0.010000 0.100000
0.599990 0.005000 0.100000
0.600000 0.000000 0.100000
0.599990 -0.005000 0.100000
0.599958 -0.010000 0.100000
0.599906 -0.015000 0.100000
0.599833 -0.020000 0.100000
0.599739 -0.025000 0.100000
0.599625 -0.030000 0.100000
0.599489 -0.035000 0.100000
0.599333 -0.040000 0.100000
0.599155 -0.045000 0.100000
0.598957 -0.050000 0.100000
0.598737 -0.055000 0.100000
0.598496 -0.060000 0.100000
0.598234 -0.065000 0.100000
0.597951 -0.070000 0.100000
0.597647 -0.075000 0.100000
0.597321 -0.080000 0.100000
0.596974 -0.085000 0.100000
0.596606 -0.090000 0.100000
0.596216 -0.095000 0.100000
0.595804 -0.100000 0.100000
0.595371 -0.105000 0.100000
0.594915 -0.110000 0.100000
0.594438 -0.115000 0.100000
0.593939 -0.120000 0.100000
0.593417 -0.125000 0.100000
0.592874 -0.130000 0.100000
0.592308 -0.135000 0.100000
0.591719 -0.140000 0.100000
0.591108 -0.145000 0.100000
0.590474 -0.150000 0.100000
0.589817 -0.155000 0.100000
0.589137 -0.160000 0.100000
0.588433 -0.165000 0.100000
0.587706 -0.170000 0.100000
0.586956 -0.175000 0.100000
0.586182 -0.180000 0.100000
0.585384 -0.185000 0.100000
0.584561 -0.190000 0.100000
0.583714 -0.195000 0.100000
0.582843 -0.200000 0.100000
0.581946 -0.205000 0.100000
0.581025 -0.210000 0.100000
0.580078 -0.215000 0.100000
0.579106 -0.220000 0.100000
0.578107 -0.225000 0.100000
0.577083 -0.230000 0.100000
0.576032 -0.235000 0.100000
0.574955 -0.240000 0.100000
0.573850 -0.245000 0.100000
0.572718 -0.250000 0.100000
0.571558 -0.255000 0.100000
0.570370 -0.260000 0.100000
0.569154 -0.265000 0.100000
0.567909 -0.270000 0.100000
0.566634 -0.275000 0.100000
0.565330 -0.280000 0.100000
0.563996 -0.285000 0.100000
0.562631 -0.290000 0.100000
0.561235 -0.295000 0.100000
0.559808 -0.300000 0.100000